1, 0.0;
2, 2.222222;
3, 4.444445;
4, 6.666667;
5, 8.888889;
6, 11.111111;
7, 13.333333;
8, 15.555555;
9, 17.770771;
10, 19.962244;
11, 22.129955;
12, 24.273764;
13, 26.394239;
14, 28.492199;
15, 30.568525;
16, 32.623947;
17, 34.659184;
18, 36.674942;
19, 38.671837;
20, 40.650543;
21, 42.611588;
22, 44.555534;
23, 46.482925;
24, 48.394241;
25, 50.289955;
26, 52.170544;
27, 54.036419;
28, 55.888004;
29, 57.725693;
30, 59.549866;
31, 61.360863;
32, 63.159046;
33, 64.944763;
34, 66.718025;
35, 68.478638;
36, 70.226891;
37, 71.967529;
38, 73.711678;
39, 75.459885;
40, 77.212173;
41, 78.968575;
42, 80.729095;
43, 82.49379;
44, 84.262672;
45, 86.035782;
46, 87.813126;
47, 89.594742;
48, 91.380615;
49, 93.170792;
50, 94.965286;
51, 96.764153;
52, 98.567413;
53, 100.375099;
54, 102.187256;
55, 104.003922;
56, 105.825127;
57, 107.650887;
58, 109.481247;
59, 111.316284;
60, 113.155983;
61, 115.000389;
62, 116.849571;
63, 118.703537;
64, 120.562355;
65, 122.426033;
66, 124.294624;
67, 126.168182;
68, 128.046738;
69, 129.930344;
70, 131.819;
71, 133.712814;
72, 135.611771;
73, 137.515945;
74, 139.4254;
75, 141.340134;
76, 143.260223;
77, 145.185715;
78, 147.116638;
79, 149.053085;
80, 150.995056;
81, 152.942627;
82, 154.895828;
83, 156.854736;
84, 158.819382;
85, 160.789841;
86, 162.766144;
87, 164.748352;
88, 166.736526;
89, 168.730728;
90, 170.731003;
91, 172.737411;
92, 174.750015;
93, 176.76889;
94, 178.794052;
95, 180.825623;
96, 182.863632;
97, 184.908112;
98, 186.959213;
99, 189.016922;
100, 191.081314;
101, 193.152512;
102, 195.230545;
103, 197.315491;
104, 199.40741;
105, 201.506424;
106, 203.612534;
107, 205.725876;
108, 207.846481;
109, 209.974472;
110, 212.109909;
111, 214.252853;
112, 216.403442;
113, 218.561707;
114, 220.727707;
115, 222.901489;
116, 225.08313;
117, 227.272705;
118, 229.470291;
119, 231.67601;
120, 233.889938;
121, 236.11113;
122, 238.333359;
123, 240.555573;
124, 242.777802;
125, 245.000015;
126, 247.222244;
127, 249.444473;
128, 251.666687;
129, 253.888916;
130, 256.111145;
131, 258.333344;
132, 260.56076;
133, 262.798615;
134, 265.047089;
135, 267.306305;
136, 269.576172;
137, 271.856567;
138, 274.147766;
139, 276.44986;
140, 278.763092;
141, 281.087677;
142, 283.423798;
143, 285.771667;
144, 288.1315;
145, 290.50354;
146, 292.888;
147, 295.285126;
148, 297.69519;
149, 300.118408;
150, 302.555084;
151, 305.005432;
152, 307.469788;
153, 309.948425;
154, 312.44165;
155, 314.949738;
156, 317.473053;
157, 320.011932;
158, 322.566681;
159, 325.137695;
160, 327.725342;
161, 330.329956;
162, 332.951996;
163, 335.591858;
164, 338.249969;
165, 340.9263;
166, 343.620819;
167, 346.333923;
168, 349.047913;
169, 351.719788;
170, 354.34967;
171, 356.939423;
172, 359.490845;
173, 362.005432;
174, 364.484772;
175, 366.930328;
176, 369.343445;
177, 371.725372;
178, 374.077332;
179, 376.40036;
180, 378.695587;
181, 380.963959;
182, 383.20639;
183, 385.423767;
184, 387.616943;
185, 389.786652;
186, 391.933655;
187, 394.058655;
188, 396.162354;
189, 398.245331;
190, 400.308197;
191, 402.351562;
192, 404.375977;
193, 406.381897;
194, 408.369873;
195, 410.340393;
196, 412.293884;
197, 414.230804;
198, 416.15155;
199, 418.056519;
200, 419.946136;
201, 421.820709;
202, 423.680634;
203, 425.526245;
204, 427.35791;
205, 429.175873;
206, 430.980469;
207, 432.772003;
208, 434.55072;
209, 436.316956;
210, 438.070892;
211, 439.812866;
212, 441.54306;
213, 443.261688;
214, 444.968964;
215, 446.665131;
216, 448.350372;
217, 450.024933;
218, 451.696228;
219, 453.382233;
220, 455.084229;
221, 456.802368;
222, 458.536926;
223, 460.288391;
224, 462.057373;
225, 463.844421;
226, 465.650238;
227, 467.475403;
228, 469.320679;
229, 471.186798;
230, 473.074524;
231, 474.984772;
232, 476.918427;
233, 478.876373;
234, 480.859741;
235, 482.869598;
236, 484.907135;
237, 486.973633;
238, 489.070465;
239, 491.199188;
240, 493.360931;
241, 495.556702;
242, 497.777802;
243, 500.000031;
244, 502.22226;
245, 504.444458;
246, 506.666687;
247, 508.888916;
248, 511.111145;
249, 513.333374;
250, 515.555603;
251, 517.777771;
252, 520.0;
253, 522.222229;
254, 524.444458;
255, 526.666687;
256, 528.888916;
257, 531.111145;
258, 533.333374;
259, 535.555603;
260, 537.777771;
261, 540.0;
262, 542.222229;
263, 544.444458;
264, 546.666687;
265, 548.888916;
266, 551.111145;
267, 553.333374;
268, 555.555603;
269, 557.777771;
270, 560.0;
271, 562.222229;
272, 564.444458;
273, 566.666687;
