1, 0.0;
2, 2.222222;
3, 4.444445;
4, 6.666667;
5, 8.888889;
6, 11.111111;
7, 13.333333;
8, 15.555555;
9, 17.787846;
10, 20.040613;
11, 22.313969;
12, 24.607983;
13, 26.923378;
14, 29.260885;
15, 31.621361;
16, 34.0056;
17, 36.414558;
18, 38.849159;
19, 41.310455;
20, 43.7995;
21, 46.317482;
22, 48.865646;
23, 51.445328;
24, 54.057938;
25, 56.705032;
26, 59.387436;
27, 62.104172;
28, 64.824646;
29, 67.536125;
30, 70.238731;
31, 72.932518;
32, 75.617577;
33, 78.293991;
34, 80.961884;
35, 83.621788;
36, 86.273857;
37, 88.918144;
38, 91.554672;
39, 94.18354;
40, 96.804741;
41, 99.418365;
42, 102.024422;
43, 104.622993;
44, 107.214081;
45, 109.797752;
46, 112.374062;
47, 114.943039;
48, 117.504738;
49, 120.059181;
50, 122.606438;
51, 125.146553;
52, 127.679527;
53, 130.205444;
54, 132.724304;
55, 135.236206;
56, 137.74115;
57, 140.239182;
58, 142.730347;
59, 145.214691;
60, 147.692215;
61, 150.16304;
62, 152.627121;
63, 155.084534;
64, 157.535309;
65, 159.979507;
66, 162.417114;
67, 164.848236;
68, 167.272858;
69, 169.69104;
70, 172.102783;
71, 174.508179;
72, 176.907227;
73, 179.300003;
74, 181.686478;
75, 184.066742;
76, 186.440765;
77, 188.808655;
78, 191.170425;
79, 193.526093;
80, 195.875717;
81, 198.219299;
82, 200.55687;
83, 202.888504;
84, 205.214188;
85, 207.533997;
86, 209.847931;
87, 212.156036;
88, 214.458344;
89, 216.754883;
90, 219.04567;
91, 221.330765;
92, 223.610184;
93, 225.883942;
94, 228.152115;
95, 230.41481;
96, 232.672287;
97, 234.924652;
98, 237.171906;
99, 239.414078;
100, 241.65123;
101, 243.883362;
102, 246.110519;
103, 248.333328;
104, 250.555557;
105, 252.777771;
106, 255.0;
107, 257.22226;
108, 259.444458;
109, 261.666687;
110, 263.888916;
111, 266.111145;
112, 268.333344;
113, 270.555573;
114, 272.777802;
115, 274.985138;
116, 277.143158;
117, 279.253479;
118, 281.319336;
119, 283.34375;
120, 285.329163;
121, 287.277649;
122, 289.191162;
123, 291.071503;
124, 292.920288;
125, 294.739075;
126, 296.529175;
127, 298.291962;
128, 300.028534;
129, 301.740112;
130, 303.427612;
131, 305.092072;
132, 306.734406;
133, 308.355377;
134, 309.955841;
135, 311.53653;
136, 313.098145;
137, 314.641327;
138, 316.166718;
139, 317.674896;
140, 319.166412;
141, 320.641815;
142, 322.101593;
143, 323.546204;
144, 324.976135;
145, 326.391754;
146, 327.793549;
147, 329.181854;
148, 330.557068;
149, 331.919556;
150, 333.269745;
151, 334.608063;
152, 335.934753;
153, 337.250122;
154, 338.557648;
155, 339.876801;
156, 341.211243;
157, 342.561554;
158, 343.928284;
159, 345.312042;
160, 346.71347;
161, 348.133301;
162, 349.572296;
163, 351.031189;
164, 352.510864;
165, 354.012207;
166, 355.536255;
167, 357.084045;
168, 358.656677;
169, 360.255463;
170, 361.881714;
171, 363.536835;
172, 365.222534;
173, 366.940521;
174, 368.692719;
175, 370.481262;
176, 372.308502;
177, 374.177094;
178, 376.089935;
179, 378.050354;
180, 380.062073;
181, 382.129364;
182, 384.25708;
183, 386.450897;
184, 388.717316;
185, 391.064087;
186, 393.500458;
187, 396.037506;
188, 398.688843;
189, 401.471497;
190, 404.407135;
191, 407.52417;
192, 410.861053;
193, 414.472168;
194, 418.438751;
195, 422.780304;
196, 426.960785;
197, 430.923065;
198, 434.704193;
199, 438.3255;
200, 441.804321;
201, 445.155273;
202, 448.390442;
203, 451.520233;
204, 454.553589;
205, 457.49826;
206, 460.360992;
207, 463.147766;
208, 465.863861;
209, 468.513885;
210, 471.102173;
211, 473.632416;
212, 476.108032;
213, 478.532104;
214, 480.907501;
215, 483.237518;
216, 485.526489;
217, 487.776642;
218, 490.000031;
219, 492.22226;
220, 494.444458;
221, 496.666687;
222, 498.888916;
223, 501.111145;
224, 503.333344;
225, 505.555573;
226, 507.777802;
227, 510.000031;
228, 512.222229;
229, 514.444458;
230, 516.666687;
231, 518.888916;
232, 521.111145;
233, 523.333374;
234, 525.555603;
235, 527.777771;
236, 530.0;
237, 532.222229;
238, 534.444458;
239, 536.666687;
240, 538.888916;
241, 541.111084;
242, 543.333313;
243, 545.555542;
244, 547.777771;
245, 550.0;
246, 552.222229;
247, 554.444458;
248, 556.666687;
249, 558.888916;
250, 561.111084;
251, 563.333313;
252, 565.555542;
253, 567.777771;
