1, 0.0;
2, 2.222245;
3, 4.444445;
4, 6.666667;
5, 8.888889;
6, 11.111111;
7, 13.352858;
8, 15.635034;
9, 17.959841;
10, 20.328321;
11, 22.74263;
12, 25.205759;
13, 27.721111;
14, 30.292381;
15, 32.923786;
16, 35.620136;
17, 38.386803;
18, 41.230068;
19, 44.157097;
20, 47.176281;
21, 50.297573;
22, 53.532745;
23, 56.896053;
24, 60.405033;
25, 64.081543;
26, 67.953239;
27, 72.048187;
28, 76.299095;
29, 80.470749;
30, 84.557259;
31, 88.563629;
32, 92.494331;
33, 96.352859;
34, 100.142906;
35, 103.868073;
36, 107.531586;
37, 111.136459;
38, 114.685463;
39, 118.18116;
40, 121.62587;
41, 125.021835;
42, 128.371094;
43, 131.675507;
44, 134.93689;
45, 138.156921;
46, 141.337128;
47, 144.478958;
48, 147.583832;
49, 150.653;
50, 153.687729;
51, 156.689133;
52, 159.658325;
53, 162.596344;
54, 165.50415;
55, 168.382675;
56, 171.232788;
57, 174.055359;
58, 176.851151;
59, 179.620972;
60, 182.365509;
61, 185.085449;
62, 187.781479;
63, 190.454193;
64, 193.104233;
65, 195.732147;
66, 198.338547;
67, 200.923904;
68, 203.488724;
69, 206.033554;
70, 208.558823;
71, 211.064987;
72, 213.552475;
73, 216.021744;
74, 218.473145;
75, 220.90712;
76, 223.32399;
77, 225.724167;
78, 228.107986;
79, 230.475739;
80, 232.82782;
81, 235.16449;
82, 237.485916;
83, 239.792358;
84, 242.084076;
85, 244.361404;
86, 246.624557;
87, 248.873825;
88, 251.109451;
89, 253.333359;
90, 255.555573;
91, 257.777802;
92, 260.000031;
93, 262.22226;
94, 264.444458;
95, 266.666687;
96, 268.888916;
97, 271.113647;
98, 273.356293;
99, 275.619843;
100, 277.904968;
101, 280.212006;
102, 282.541229;
103, 284.893341;
104, 287.269104;
105, 289.66925;
106, 292.094635;
107, 294.546112;
108, 297.024658;
109, 299.531158;
110, 302.066742;
111, 304.632446;
112, 307.229492;
113, 309.859131;
114, 312.522644;
115, 315.221527;
116, 317.957336;
117, 320.731659;
118, 323.546295;
119, 326.403168;
120, 329.304382;
121, 332.252136;
122, 335.248901;
123, 338.297363;
124, 341.400421;
125, 344.561218;
126, 347.781982;
127, 351.065735;
128, 354.396942;
129, 357.730286;
130, 361.063599;
131, 364.398743;
132, 367.737701;
133, 371.080109;
134, 374.425659;
135, 377.773926;
136, 381.124573;
137, 384.477203;
138, 387.831451;
139, 391.186951;
140, 394.543274;
141, 397.900116;
142, 401.257019;
143, 404.613647;
144, 407.969604;
145, 411.324524;
146, 414.67804;
147, 418.029724;
148, 421.379242;
149, 424.726166;
150, 428.07019;
151, 431.410919;
152, 434.748016;
153, 438.081757;
154, 441.41507;
155, 444.748413;
156, 448.050598;
157, 451.250946;
158, 454.360901;
159, 457.388855;
160, 460.339783;
161, 463.218231;
162, 466.028381;
163, 468.774017;
164, 471.458557;
165, 474.085266;
166, 476.656982;
167, 479.176453;
168, 481.64621;
169, 484.068512;
170, 486.445526;
171, 488.779266;
172, 491.072388;
173, 493.329132;
174, 495.555573;
175, 497.777802;
176, 500.000031;
177, 502.22226;
178, 504.444458;
179, 506.666687;
180, 508.888916;
181, 511.111145;
182, 513.333374;
183, 515.555603;
184, 517.777771;
185, 520.0;
186, 522.222229;
187, 524.444458;
188, 526.666687;
189, 528.888916;
190, 531.111145;
191, 533.333374;
192, 535.555603;
193, 537.777771;
194, 540.0;
195, 542.222229;
196, 544.444458;
197, 546.666687;
198, 548.888916;
199, 551.111145;
200, 553.333374;
201, 555.555603;
202, 557.777771;
203, 560.0;
204, 562.222229;
205, 564.444458;
206, 566.666687;
